0.000473 0.000477
0.001038 0.000998
0.001468 0.001521
0.002243 0.002065
0.003063 0.002907
0.003174 0.003374
0.0031 0.002802
0.002509 0.002176
0.002276 0.002227
0.00232 0.001863
0.002086 0.002073
0.002285 0.002216
0.002447 0.002783
0.002666 0.002804
0.003067 0.002687
0.002729 0.002715
0.002785 0.002621
0.002759 0.002675
0.002867 0.00283
0.00302 0.002928
0.003111 0.003151
0.003402 0.003243
0.003443 0.003468
0.003515 0.003464
0.003694 0.003667
0.003846 0.003792
0.003988 0.00395
0.004155 0.004193
0.004319 0.004272
0.004481 0.004434
0.004637 0.00459
0.00483 0.004745
0.004977 0.004933
0.005189 0.005119
0.005326 0.005294
0.005507 0.00544
0.00564 0.005581
0.005809 0.005743
0.005993 0.006008
0.006154 0.006082
0.006333 0.006297
0.006498 0.006414
0.0067 0.006659
0.006885 0.006765
0.007037 0.006945
0.007197 0.007124
0.007361 0.007358
0.007548 0.007481
0.007729 0.007641
0.007869 0.008065
0.008162 0.007993
0.008247 0.008187
0.008406 0.008301
0.008586 0.008467
0.008838 0.008657
0.008932 0.008806
0.009094 0.009081
0.00928 0.009236
0.009549 0.00938
0.009631 0.00962
0.0098 0.0097
0.009972 0.009955
0.010154 0.010145
0.010337 0.01027
0.010497 0.010451
0.010715 0.010626
0.010879 0.01075
0.011058 0.01095
0.011324 0.011188
0.0114 0.011343
0.011593 0.011466
0.011842 0.011713
0.011933 0.011853
0.012122 0.012049
0.012674 0.012317
0.012585 0.012374
0.012655 0.012599
0.012902 0.012765
0.013053 0.012945
0.01321 0.013147
0.013394 0.013348
0.013569 0.013515
0.013771 0.013697
0.013947 0.013843
0.014151 0.014061
0.014414 0.014169
0.014477 0.014384
0.014691 0.014562
0.014859 0.014849
0.015025 0.014919
0.015228 0.015162
0.015401 0.015475
0.015612 0.015618
0.01578 0.015675
0.015952 0.015887
0.016153 0.016045
0.01634 0.016574
0.016507 0.016503
0.016819 0.016609
0.016864 0.016764
0.017065 0.017011
0.017253 0.017128
0.017451 0.017396
0.017634 0.017503
0.017863 0.017722
0.01797 0.017899
0.018206 0.018423
0.018384 0.01828
0.018633 0.018442
0.018727 0.018587
0.018938 0.018778
0.019079 0.018992
0.019321 0.019226
0.019485 0.019337
0.019752 0.019608
0.019818 0.019707
0.020061 0.019863
0.020177 0.020098
0.020444 0.020214
0.020852 0.020556
0.021855 0.021116
0.021637 0.021291
0.021186 0.021574
0.021287 0.021294
0.021636 0.021427
0.021646 0.021581
0.022079 0.021886
0.022002 0.022059
0.022515 0.02307
0.023177 0.023186
0.024244 0.02572
0.028694 0.030736
0.029918 0.024011
0.02383 0.023577
0.027648 0.024604
0.025396 0.026967
0.041038 0.046928
0.043666 0.045948
0.048939 0.05306
0.045658 0.062458
0.057226 0.047366
0.054571 0.049283
0.058575 0.05363
0.053587 0.062679
0.070237 0.052135
0.051174 0.049126
0.052388 0.054927
0.052994 0.059049
0.078718 0.074838
0.076249 0.060081
0.032785 0.028498
0.031897 0.02799
0.032306 0.028557
0.033105 0.02821
0.032932 0.02913
0.030283 0.027932
0.031218 0.029161
0.031653 0.028895
0.030926 0.028855
0.031217 0.029205
0.031744 0.029422
0.031655 0.029518
0.03421 0.03051
0.032772 0.030433
0.032681 0.030751
0.032567 0.031296
0.031689 0.030319
0.033241 0.031526
0.031864 0.03127
0.03264 0.031535
0.033923 0.031985
0.033126 0.032067
0.03281 0.032333
0.03328 0.032494
0.033376 0.033204
0.033569 0.033247
0.033185 0.035924
0.033172 0.032805
0.034976 0.033471
0.034964 0.033817
0.034226 0.033978
0.033914 0.034809
0.03335 0.035781
0.033371 0.03436
0.036383 0.035169
0.035537 0.037869
0.033791 0.036183
0.035628 0.036746
0.034764 0.036654
0.036709 0.038991
0.035333 0.036999
0.038075 0.037993
0.035307 0.038019
0.03883 0.039229
0.036033 0.039764
0.03739 0.040864
0.057433 0.070802
0.074858 0.064811
0.039863 0.042369
0.037662 0.042092
